title = 'NHT22'

[potential]
    [potential.bond]
        k = 15.0
        r0 = 5.9

    [potential.angle]
        k = 10.0
        a0 = 2.618

    [potential.basepair]
        cutoff_energy = -0.01

        [potential.basepair.GC]
            U0 = -5.00000
            bond_k = 3.0
            bond_r = 13.8
            angl_k1 = 1.5
            angl_k2 = 1.5
            angl_theta1 = 1.8326
            angl_theta2 = 0.9425
            dihd_k1 = 0.5
            dihd_k2 = 0.5
            dihd_phi1 = 1.8326
            dihd_phi2 = 1.1345

        [potential.basepair.AU]
            U0 = -3.33333
            bond_k = 3.0
            bond_r = 13.8
            angl_k1 = 1.5
            angl_k2 = 1.5
            angl_theta1 = 1.8326
            angl_theta2 = 0.9425
            dihd_k1 = 0.5
            dihd_k2 = 0.5
            dihd_phi1 = 1.8326
            dihd_phi2 = 1.1345

        [potential.basepair.GU]
            U0 = -3.33333
            bond_k = 3.0
            bond_r = 13.8
            angl_k1 = 1.5
            angl_k2 = 1.5
            angl_theta1 = 1.8326
            angl_theta2 = 0.9425
            dihd_k1 = 0.5
            dihd_k2 = 0.5
            dihd_phi1 = 1.8326
            dihd_phi2 = 1.1345

    [potential.wca]
        sigma = 10.0
        epsilon = 2.0
